40 1 1
185.8823 630.7252
574.3263 501.9564
944.8393 644.688
130.159 981.8657
469.0185 871.7141
553.6741 996.3457
761.5133 733.6367
406.2822 724.3282
977.3985 784.3168
445.8092 540.225
662.8988 610.5566
837.8892 1000
348.2723 621.9337
150.2469 925.497
963.644 611.5909
11.4145 492.6478
811.1921 735.7053
515.2818 918.7742
845.429 966.3514
668.2256 989.6228
982.7279 523.6764
116.0841 986.0028
945.0418 677.2681
975.6879 854.1312
502.9699 854.6484
8.109 544.8793
684.4034 504.025
276.4012 627.1052
786.8789 813.2769
614.9529 591.4223
771.0279 609.5223
626.1217 839.6512
860.0731 773.9739
389.1448 827.2397
219.6752 703.6424
276.701 555.2222
43.1755 920.8427
184.3732 860.3369
289.0597 912.5684
403.6427 520.5736
