1000 1 1
369375.2343
897.6972 685.4602
373.1239 986.8714
909.2078 714.7641
899.3897 522.1958
661.7978 514.3466
62.7863 723.6599
177.5568 792.7333
385.1037 796.3963
498.6992 685.4602
992.9061 491.3221
778.4452 645.6907
213.1425 916.2281
126.5551 480.8565
387.1141 869.6559
383.388 513.3
341.349 693.8327
600.5658 520.1027
187.2176 904.1926
669.4667 617.9567
108.9436 835.6425
412.2744 581.3268
648.0602 534.2314
554.0363 512.2535
790.3562 536.8478
478.2301 662.959
693.7316 966.9866
862.2095 865.4696
245.7973 611.154
100.4662 789.5936
519.6343 548.8833
407.8302 613.7704
294.6034 777.5581
333.3947 999.9534
259.0168 789.0703
767.3107 769.1855
876.3213 482.4263
840.4403 950.2415
334.7749 955.4744
893.1983 506.4973
390.9895 740.9282
961.618 579.2337
713.5147 772.8485
326.3522 633.1319
203.6923 929.3102
122.6919 785.4073
144.3044 758.7199
59.9344 825.1768
877.2692 497.0782
798.3088 535.2779
411.0841 964.8935
605.9333 784.884
354.1973 835.1192
993.6841 521.1493
214.2081 994.7206
479.118 626.8525
599.761 848.2013
732.7925 689.6465
432.4737 916.7514
14.0776 560.9188
104.1842 923.0308
641.101 929.3102
496.5936 584.4665
174.4423 503.8809
454.8955 834.5959
208.5451 480.3332
596.712 894.2502
78.0644 892.6804
643.7955 902.6228
599.0924 671.3316
527.0277 986.8714
508.6418 710.5778
602.5412 552.5463
259.1659 655.1098
453.5708 527.952
747.6983 527.952
865.5449 792.7333
558.1595 755.5802
454.1314 626.8525
181.8664 692.7862
76.2757 703.7751
213.6995 673.948
896.0941 986.8714
780.9849 617.9567
414.1242 883.7846
336.4875 666.622
338.6153 543.6505
841.6146 563.0119
392.3593 778.6046
896.4454 625.2826
742.0786 780.6978
904.0816 823.607
192.2601 891.6338
504.3395 548.36
190.1936 963.8469
725.4989 492.3687
548.6466 492.3687
389.9051 942.9156
928.3021 958.0908
591.5732 535.8012
841.507 853.4341
783.8513 525.8588
219.6453 976.929
269.9506 755.5802
519.5761 712.1477
130.1569 661.9125
718.9353 531.0917
101.1408 906.809
948.9664 747.7309
309.2923 846.1082
954.3555 584.4665
340.9792 645.6907
166.4539 789.5936
511.1252 499.1714
511.9597 556.7325
47.4609 611.154
855.0015 864.9464
132.4423 551.4997
632.4202 541.034
690.6279 838.7822
555.9006 589.1761
453.7201 927.2171
579.3539 502.3111
143.6041 655.1098
211.9258 578.1871
133.69 626.8525
943.9571 894.7735
933.9098 891.6338
604.5881 589.1761
109.8063 492.892
499.5145 587.6062
935.6914 964.3702
318.1447 737.7885
788.5405 573.4776
166.0276 740.9282
755.7056 909.4254
170.5768 986.8714
110.0293 854.4807
170.3109 548.36
193.2095 996.2905
182.2318 759.2431
771.737 968.5564
528.3108 960.7072
374.0634 490.2756
139.6282 979.0221
155.8316 716.8572
222.3059 576.6173
132.4165 755.5802
328.0137 760.2897
682.4425 751.3939
119.9026 706.3915
930.2539 973.266
95.8579 929.8335
462.5518 816.281
992.0992 624.7594
814.4352 957.5675
401.4497 883.7846
194.3099 645.6907
720.914 639.9346
496.0016 691.2163
354.8842 707.4381
625.7142 834.0726
313.4897 913.0884
997.0774 796.9195
954.5484 504.9275
783.1821 825.7001
763.1515 941.3457
294.6055 525.8588
813.1315 494.4618
364.6968 901.0529
157.7141 655.1098
971.1622 857.6204
177.452 689.1232
385.3039 983.7317
270.2938 950.2415
172.8001 874.3655
726.4053 910.472
64.8025 919.3678
419.3216 943.9621
283.884 560.9188
83.2392 976.929
472.9307 518.0096
334.278 488.1824
277.8498 701.1587
837.7323 876.9819
703.7787 837.7356
464.9624 865.4696
563.1768 768.6622
231.4664 615.3403
421.2159 777.0348
865.8075 986.8714
494.3187 683.8904
565.2638 850.2944
979.5541 854.4807
241.8116 953.9045
832.6717 543.1272
964.312 667.1453
144.6269 801.1058
508.0356 649.3537
349.3021 781.7443
312.7724 686.5068
148.8457 551.4997
186.07 505.9741
898.8485 909.4254
724.6908 771.2787
782.0175 900.5296
941.3087 482.4263
358.4058 936.6362
793.909 822.0371
476.825 643.5976
309.0524 855.5273
823.7933 805.2921
515.7327 873.3189
144.1666 852.3876
406.7636 779.1279
933.5719 780.1745
880.4333 617.9567
73.4606 839.8288
538.8649 630.5155
802.6877 962.277
53.149 761.3363
921.5178 970.6496
294.9918 661.9125
610.7489 701.1587
424.0986 909.4254
943.5053 945.532
71.0327 535.8012
443.5101 909.4254
142.1851 939.2526
658.8281 645.6907
988.1018 892.6804
65.9499 609.0609
476.3979 630.5155
442.4591 703.2518
939.4137 608.0143
164.0855 970.6496
691.2567 735.1721
956.1467 655.1098
398.1479 505.4508
241.1163 755.5802
436.9764 586.5597
692.9277 653.5399
156.4012 659.296
947.8178 504.9275
503.2508 842.9685
2.8369 781.7443
135.1113 830.9329
940.1367 577.6639
165.3266 493.4153
460.5754 989.4878
518.0098 967.5099
56.1643 637.8414
689.2752 516.4397
664.3427 703.2518
970.5282 738.3118
850.5521 489.7523
533.6012 678.1342
468.1151 759.2431
728.767 982.6851
188.4264 538.4176
542.9793 996.8137
638.9087 958.0908
709.9752 729.9393
129.3279 655.6331
929.1775 837.7356
759.6968 959.1373
994.9139 970.6496
30.3772 778.6046
278.6581 582.8967
44.2183 938.206
337.8783 934.0197
622.7733 617.9567
956.6758 546.2669
329.7437 712.1477
116.3423 813.1413
380.2767 691.2163
733.718 546.2669
573.1703 576.6173
907.3153 909.4254
383.5046 881.1681
50.6536 809.4783
830.3243 612.2006
133.8278 703.2518
732.3716 538.9409
697.197 916.2281
645.1072 497.0782
958.6365 693.8327
419.339 690.1698
95.3903 610.1074
526.3055 998.3836
409.2778 996.2905
738.3055 634.1785
949.9382 844.5383
36.2778 807.3852
416.318 840.352
529.0489 848.2013
709.7401 610.1074
243.9566 486.0893
652.9409 645.1674
649.5509 882.2147
496.0641 617.9567
451.4854 812.0948
929.7772 589.1761
750.8217 793.7798
975.7925 849.2479
394.9491 757.6733
107.6483 544.1737
347.1621 945.532
539.7943 727.8462
406.7905 526.9054
341.2328 602.2582
58.3727 759.2431
213.6454 574.0009
137.4876 495.5084
622.0763 547.8367
635.8758 721.5668
939.1769 762.9061
371.8835 970.6496
829.5344 608.5376
316.8784 564.0585
65.9005 595.9788
669.0506 924.0774
302.6933 568.2448
202.983 707.4381
225.6305 992.6275
863.034 527.4287
943.0749 578.1871
844.1201 644.1208
393.3659 505.9741
96.1521 779.1279
589.0664 488.1824
868.2388 657.2029
799.8145 570.3379
624.4357 598.0719
588.9279 940.8224
200.4422 880.6449
672.4083 985.8248
523.2483 931.4033
528.0962 776.5115
420.9733 611.154
124.4289 783.8375
277.6765 800.0592
779.1813 680.2274
516.5262 512.2535
506.843 891.6338
427.0981 577.6639
920.3318 528.9985
508.3743 751.3939
599.3954 650.4002
560.3103 921.9842
168.7153 645.6907
474.5031 940.8224
901.9393 809.4783
677.5688 786.9772
74.2469 690.693
531.8244 950.7648
713.2246 644.1208
471.1286 609.5841
784.0977 792.7333
432.456 784.884
147.5618 990.0111
768.1372 732.5557
604.5957 904.7159
707.6615 735.6954
852.0762 974.3126
579.2843 862.8532
52.5953 872.2723
549.1704 803.1989
51.7712 560.9188
298.6945 613.7704
830.8771 863.3765
43.6571 544.1737
543.336 954.9511
272.3721 526.3821
382.6321 534.2314
836.5179 538.4176
676.8081 766.0458
903.2377 940.8224
129.5647 507.0206
193.2977 646.7373
226.1334 756.1034
449.4275 507.0206
159.2198 682.8438
207.1456 696.9724
165.8912 931.4033
728.181 883.2613
709.4244 526.9054
821.28 538.4176
997.1111 598.5952
429.4754 488.1824
754.3327 535.8012
1000 908.3789
713.465 656.6796
473.4879 897.9132
166.4151 901.0529
293.3314 587.6062
46.6392 638.888
58.9321 987.3946
343.7435 662.4357
626.2453 793.2566
517.1239 945.532
349.2647 716.8572
35.4388 771.8019
746.1101 532.1382
678.1061 992.1042
948.0205 591.7925
32.7132 534.2314
388.1236 619.0032
960.9686 986.8714
547.3376 497.6015
917.8595 702.2053
718.0908 532.1382
555.2834 547.8367
820.6983 753.487
36.8651 842.4452
367.9732 980.592
728.8305 658.2495
911.0609 842.9685
779.5446 479.2866
577.8047 777.5581
873.9749 981.1152
506.5311 851.8643
135.5135 719.9969
490.9626 709.5312
435.9942 617.9567
645.331 846.1082
352.6667 839.3055
744.1065 972.7427
981.3648 488.1824
37.196 744.0679
721.4158 617.9567
235.9158 678.1342
265.6206 677.611
35.6694 591.7925
398.7061 803.1989
632.0488 599.6418
77.7658 507.0206
974.7267 940.8224
224.7677 682.8438
12.3402 693.8327
455.5988 732.5557
991.66 538.4176
945.7914 874.3655
900.2775 820.9906
785.9355 522.7191
678.7676 803.1989
331.6681 685.4602
66.802 902.6228
14.1097 685.4602
120.2643 798.4894
38.3127 961.2305
162.5961 986.8714
767.8428 544.1737
189.1633 716.8572
62.9704 520.626
166.4689 843.4917
43.8859 802.1524
790.2315 625.2826
67.576 550.9764
443.1584 996.8137
719.8601 741.9748
886.2263 812.0948
971.8816 577.6639
40.1847 971.1729
823.3992 955.4744
289.9201 767.0924
429.347 763.4294
927.1132 912.5651
272.8818 685.4602
752.5459 715.2874
463.7303 494.4618
313.0364 841.9219
921.8275 1000
412.1554 810.5249
416.8602 530.5684
757.9041 910.9953
820.9521 870.1792
178.9061 821.5139
875.283 769.1855
263.4322 864.9464
188.6893 639.4113
10.8205 505.9741
443.1617 861.2834
625.3645 800.0592
240.6372 938.206
893.9104 534.2314
733.4212 511.2069
540.7894 504.9275
965.6737 904.7159
67.493 934.543
613.4232 595.4555
802.1419 717.9038
160.7848 516.4397
399.6457 911.5186
478.7282 505.9741
329.158 773.3718
528.7818 889.5407
439.5401 729.9393
203.9124 779.1279
777.834 613.2471
283.1363 608.5376
266.5367 758.1966
685.8609 732.5557
955.988 692.7862
40.1001 974.3126
579.4826 661.3892
655.445 984.2549
512.6576 539.9875
995.7705 915.7048
896.6463 859.1902
297.4848 519.0561
266.9109 971.1729
820.6018 532.1382
844.0806 548.36
765.0194 625.2826
273.6853 541.5573
706.0753 667.1453
470.379 617.9567
968.8374 728.3694
197.3012 659.296
514.0181 480.3332
153.6676 645.6907
163.9886 657.7262
502.6364 623.1895
408.7149 520.626
309.9291 612.2006
940.3948 979.0221
535.8617 692.7862
907.3655 620.0498
164.2411 703.2518
403.9872 479.2866
81.1693 532.1382
926.1926 872.2723
164.2076 800.0592
930.7922 645.6907
161.7946 744.0679
463.357 996.2905
3.0192 483.4729
403.5059 896.8666
506.882 868.0861
28.4866 868.0861
387.7447 916.2281
365.4319 709.008
33.9143 921.9842
816.5642 844.5383
113.5926 918.8445
414.339 532.6615
714.7142 847.1547
300.6406 957.5675
772.6749 771.2787
552.314 548.36
932.6607 951.2881
254.7671 495.5084
123.8911 532.1382
641.118 589.1761
423.7566 664.0056
384.8892 981.6385
691.2787 482.4263
687.1309 746.1611
508.4935 699.0656
738.2123 889.5407
775.7087 811.0482
798.7437 505.4508
833.9182 639.9346
903.1466 671.3316
446.6928 981.1152
330.9183 919.3678
110.8579 977.9755
407.0751 914.6583
178.0001 626.3292
660.55 932.4499
422.1843 940.8224
289.6101 781.7443
165.2457 962.8003
525.215 775.4649
276.1771 974.3126
105.0244 708.4847
80.2629 713.1942
865.6178 900.0063
250.1262 812.0948
223.9782 506.4973
386.2394 587.083
283.5819 538.4176
329.5423 830.4097
378.3035 538.4176
274.2529 726.2763
137.9918 924.6006
763.6047 482.9496
457.6757 713.7175
75.3979 902.6228
790.9141 552.5463
41.944 876.4586
345.0922 886.401
387.8332 673.948
175.0175 715.2874
614.1992 793.7798
67.1105 536.3245
936.6561 940.2991
644.3432 958.0908
956.4216 909.4254
741.2761 856.5738
46.7247 612.2006
742.393 1000
674.2099 972.7427
848.6254 738.8351
859.8078 578.7104
677.635 841.9219
737.1715 665.5754
281.8001 654.5865
944.425 781.7443
39.8666 678.1342
31.0117 842.4452
99.2272 889.5407
819.5018 599.1185
134.9837 959.1373
351.4433 837.7356
533.9688 972.7427
315.2346 492.3687
19.5464 939.2526
879.5133 742.4981
470.3811 761.3363
703.0901 766.0458
502.9583 822.0371
298.9757 509.1138
541.702 734.1256
793.5954 765.5225
66.9666 902.0995
124.5994 661.9125
904.4657 759.2431
183.563 693.8327
507.2087 793.7798
77.6452 526.9054
755.2672 506.4973
724.8097 598.5952
394.4589 502.3111
940.9169 971.6961
305.7657 975.8824
386.2034 479.2866
865.647 756.1034
677.7627 939.7759
803.8674 512.2535
929.7031 699.0656
597.3317 681.7972
742.9672 801.1058
261.723 785.4073
679.8408 855.5273
379.5845 991.5809
900.0259 939.7759
482.013 631.0388
513.0068 892.6804
499.5717 938.206
21.9469 911.5186
161.3988 718.9503
976.2267 491.3221
761.0703 992.6275
516.8239 871.2258
438.0241 985.8248
436.5515 963.3236
670.6047 817.8509
783.5103 936.1129
164.2457 889.0174
444.7036 892.6804
105.5129 913.0884
334.9494 973.7893
695.5455 534.2314
74.9639 491.3221
847.0202 650.4002
881.7107 860.2368
496.9074 644.1208
606.8908 682.3205
911.2067 802.6757
280.7426 596.5021
175.379 637.8414
125.6283 712.6709
165.7346 542.0806
239.414 989.4878
646.021 499.1714
173.7089 915.7048
392.9012 493.9385
562.3798 526.9054
99.7593 945.532
923.0654 780.1745
905.5341 895.2968
36.5392 851.341
315.1683 818.3742
355.4954 664.5289
568.1355 816.281
121.4012 497.0782
354.3853 512.2535
784.2239 538.4176
840.199 793.7798
591.6761 780.1745
632.8854 746.6843
259.7409 644.1208
329.8081 941.3457
878.3318 721.5668
526.9333 631.0388
248.4717 904.1926
949.9064 497.0782
280.3245 779.1279
871.7484 779.1279
720.4475 907.8556
648.7649 514.3466
378.9988 839.3055
813.2963 886.401
51.309 613.2471
162.4383 989.4878
404.6141 780.6978
563.0059 986.8714
541.6423 675.5178
387.8808 840.352
385.6866 577.6639
681.6357 983.2084
254.7971 690.693
15.2486 945.532
502.5378 812.618
806.9155 761.3363
837.5121 976.929
386.2485 817.8509
476.6742 528.9985
935.7163 546.7902
260.9145 645.1674
448.9072 987.3946
687.2368 494.4618
260.4045 725.2297
322.3396 996.2905
715.7277 839.3055
235.7147 946.5785
676.7635 983.2084
116.4712 918.3212
22.7862 863.3765
733.28 510.6836
448.1531 492.3687
332.7955 536.8478
301.9207 748.2542
840.4716 718.4271
139.8673 958.0908
832.4302 779.1279
150.3999 576.6173
446.1827 632.6086
415.9973 492.3687
717.9209 973.266
38.8294 501.2645
399.824 924.0774
445.9026 947.6251
712.4702 961.2305
870.1424 786.9772
164.0137 577.6639
629.1303 925.6472
673.8608 781.7443
882.7389 599.1185
465.6932 781.7443
875.3088 909.4254
535.5898 766.5691
384.995 898.4365
696.791 728.3694
612.5318 880.6449
650.7122 632.6086
843.5045 574.0009
388.4522 615.3403
407.1966 965.94
420.304 673.948
859.246 649.3537
975.4285 902.6228
833.5908 684.9369
851.4591 999.4302
962.5425 872.2723
284.7795 983.2084
71.7426 853.4341
134.4206 499.1714
601.408 958.0908
510.3123 862.8532
4.3045 544.1737
883.0484 865.4696
414.0309 925.1239
478.4029 564.5818
658.8361 527.4287
96.1944 897.9132
240.8792 587.083
850.4066 901.0529
976.7386 935.0663
755.124 911.5186
770.8165 788.0237
44.7931 522.7191
854.7424 829.3631
870.332 779.1279
362.4476 577.6639
575.6553 707.4381
823.2048 546.2669
985.3289 793.2566
134.5557 491.3221
849.3795 678.1342
916.7678 846.1082
820.8546 501.7878
616.4772 579.757
440.6965 650.4002
566.4853 940.8224
808.4608 992.6275
141.5092 719.4736
111.7911 536.3245
239.4044 751.9172
78.2187 698.5423
48.5246 788.547
917.089 625.8059
179.8714 880.1216
307.9585 513.3
129.2439 535.8012
696.945 550.9764
702.2464 903.6693
883.632 800.5825
323.0276 591.2692
893.7099 622.6662
555.4931 968.5564
97.8613 556.7325
876.218 943.9621
935.917 979.0221
789.7634 530.5684
334.4026 979.0221
90.3609 691.2163
515.9337 972.7427
90.1961 708.4847
35.8385 509.1138
760.2941 560.9188
383.4625 617.9567
345.9867 868.0861
261.0091 738.3118
906.8467 519.0561
57.4868 927.2171
329.3419 785.4073
715.3653 635.225
615.2165 922.5075
270.0977 971.1729
476.2783 626.3292
424.6321 532.1382
954.8274 499.6947
541.8494 872.2723
257.2869 657.2029
883.3024 898.9598
102.6209 990.5343
705.7338 957.5675
891.8106 632.0853
122.8665 506.4973
628.1103 985.8248
830.1641 983.7317
869.0955 599.1185
937.2418 971.1729
973.4476 938.206
580.329 903.6693
199.4445 617.9567
225.5646 766.5691
757.5051 661.9125
58.8689 916.2281
692.5448 699.0656
125.0619 940.2991
178.4306 744.0679
634.7886 538.4176
278.7201 937.1594
204.7111 809.4783
254.4315 609.0609
922.6768 591.7925
86.1092 551.4997
544.3435 738.8351
321.3135 950.2415
999.4705 895.2968
438.2965 645.6907
966.5767 902.6228
807.1353 505.9741
59.6224 876.9819
697.8828 965.94
757.8543 935.0663
511.1405 616.9101
26.482 617.9567
988.6274 688.0766
426.5413 531.0917
81.5695 959.1373
895.0501 495.5084
403.4238 709.008
597.9884 703.2518
219.0713 723.6599
37.6558 728.8927
434.4789 946.0553
774.6676 645.6907
494.209 989.4878
512.001 911.5186
588.8999 939.2526
655.9177 499.1714
397.8464 587.083
381.8773 769.7088
232.6049 574.0009
84.5082 548.36
75.6953 966.9866
216.8429 489.7523
229.8976 586.5597
348.9059 861.2834
113.0391 701.1587
187.6241 552.5463
933.9688 981.6385
645.9937 803.1989
603.9946 491.8454
491.2094 645.1674
180.3908 974.8358
277.9641 989.4878
356.3214 879.5983
536.0316 750.8706
487.149 484.5194
965.5701 970.6496
367.8394 591.7925
227.9397 840.352
51.5924 532.1382
159.368 864.9464
996.2811 479.8099
620.1308 996.2905
819.2583 601.2116
583.3269 877.5052
571.644 491.8454
435.1709 785.4073
712.2717 993.674
926.6775 940.8224
817.3007 839.3055
413.1433 638.888
543.2847 704.2984
74.638 1000
873.5549 655.1098
966.1476 631.0388
66.3893 611.6773
493.7848 536.8478
190.3787 829.3631
116.5603 778.6046
858.4109 952.8579
879.3417 843.4917
979.8196 529.5218
692.5233 676.0411
35.1706 760.2897
688.6362 996.2905
244.8758 543.6505
422.1061 692.2629
596.5921 902.6228
529.0435 613.2471
787.4448 645.6907
257.112 599.1185
250.0555 497.0782
573.9221 478.24
810.949 725.2297
348.4438 526.3821
252.7642 781.7443
157.2157 902.0995
227.3773 591.7925
389.3765 720.5202
122.8471 599.1185
756.2879 746.6843
20.8654 573.4776
439.7361 603.828
75.2438 907.8556
889.0363 616.9101
305.6156 912.5651
871.4538 796.3963
338.373 622.1429
416.765 625.2826
154.7076 810.5249
2.0268 587.083
951.1329 949.7182
80.0908 678.1342
995.8433 632.0853
628.6341 683.8904
286.854 785.4073
758.6923 784.3607
811.764 534.2314
410.9184 974.3126
555.2082 500.2179
968.3653 663.4823
80.9524 940.8224
481.4265 738.3118
787.4473 570.3379
79.6775 650.9235
37.7328 539.9875
913.1952 925.1239
228.3004 895.2968
150.7625 678.1342
486.5726 544.1737
290.6695 538.4176
289.1263 963.3236
78.8223 900.0063
182.9497 482.9496
802.6788 757.15
692.2734 999.4302
262.7936 547.3134
993.1433 501.7878
931.6845 484.5194
230.959 692.7862
462.0594 588.1295
1.6053 916.2281
831.7324 527.4287
713.0332 623.1895
310.3475 921.4609
424.0956 696.9724
535.3999 630.5155
846.544 747.2076
167.0437 661.9125
857.8678 643.0743
776.0282 793.7798
241.9493 535.2779
