100 1 1
36487.3379
897.6972 862.114
373.1239 605.3854
909.2078 599.5985
899.3897 730.0671
661.7978 545.938
62.7863 886.3139
177.5568 552.251
385.1037 978.9045
498.6992 646.946
992.9061 965.7524
778.4452 642.7373
213.1425 590.6551
126.5551 784.2537
387.1141 769.5234
383.388 507.534
341.349 935.2396
600.5658 551.1989
187.2176 840.0185
669.4667 831.0751
108.9436 808.4535
412.2744 735.8541
648.0602 779.519
554.0363 560.1423
790.3562 581.7117
478.2301 558.564
693.7316 967.3307
862.2095 954.7047
245.7973 819.5013
100.4662 561.7205
519.6343 751.6366
407.8302 971.5393
294.6034 666.4111
333.3947 900.5181
259.0168 587.4986
767.3107 856.8532
876.3213 558.564
840.4403 528.5773
334.7749 586.4464
893.1983 566.9814
390.9895 589.0768
961.618 854.2228
713.5147 749.5322
326.3522 698.5022
203.6923 575.3987
122.6919 589.0768
144.3044 624.8505
59.9344 579.0813
877.2692 629.0592
798.3088 818.4491
411.0841 554.8814
605.9333 962.5959
354.1973 540.6772
993.6841 689.5587
214.2081 998.3696
479.118 906.8311
599.761 689.5587
732.7925 576.9769
432.4737 861.588
14.0776 786.3581
104.1842 706.9195
641.101 803.7188
496.5936 650.1025
174.4423 1000
454.8955 979.4306
208.5451 906.305
596.712 874.2139
78.0644 670.6197
643.7955 897.8877
599.0924 667.9893
527.0277 567.5074
508.6418 990.4783
602.5412 574.8726
259.1659 710.6021
453.5708 629.0592
747.6983 562.7727
865.5449 838.9664
558.1595 513.3209
454.1314 713.2325
181.8664 657.4677
76.2757 543.3076
213.6995 763.7365
896.0941 630.1113
780.9849 609.5941
414.1242 924.1919
336.4875 858.9575
338.6153 747.4279
841.6146 760.58
392.3593 610.6463
896.4454 675.8806
742.0786 923.1397
904.0816 715.3368
192.2601 805.8231
504.3395 994.1609
190.1936 631.1635
725.4989 901.5703
548.6466 985.7436
389.9051 567.5074
928.3021 721.6498
591.5732 661.1502
841.507 624.8505
